[.#####.#.#] (0,1,2,3,6,7,8,9) (1,9) (0,1,3,7,8) (0,6,7,8) (5,6) (0,2,3,4,5,6,8) (1,2,3,4,7,8,9) (0,2,3,7,8) (0,1,3,5,9) {74,55,39,73,15,44,44,53,63,37}
[##.#..##.] (0,2,3,5,7,8) (1,2,8) (2,6,8) (0,2,4,6,7,8) (0,1,8) (0,4,5,8) (1,3) (0,1,3,4,8) (0,2,5,8) (5) (0,1,2,3,5,7) {77,51,54,27,31,69,6,17,94}
[..##..] (2,3) (0,1,2,3,5) (0,1,2,5) (2,3,4) (1,2) {16,32,69,39,20,16}
[####] (1,2,3) (0,1,2) (0,2,3) (2,3) (1,3) {35,33,37,37}
[.#.#.#..#] (1,3,5,8) (4,5,6,7,8) (0,1,2,4,6,8) (0,1,7) (0,1,2,3,4,5,7) (1,2,5,6) (3,7) {52,67,49,36,45,41,43,62,30}
[###..#..#] (0,6,7) (2,4,5,6,7,8) (0,1,3,6,7,8) (1,2,3,5,7) (1,2,3,4,6,7) (1,3,4,5,6,8) (0,1,3,4,6,7,8) (4,5) (0,1,7) {191,70,31,66,57,53,226,222,61}
[##.###] (3,4,5) (3) (0,3) (2) (0,1,2,4,5) (1,4) (0,5) {29,33,22,34,45,35}
[.#######] (1,2,4,5) (0,3) (0,3,5,7) (2,5,6) (0,1,2,3,4,5,7) (1,2,6) (1,3,6,7) {45,47,59,49,25,61,38,39}
[##.###.] (1,3,5) (2,4) (2,3,5) (3,5) (0,1,2,3,4,5) (0,1,2,4,6) {21,30,44,159,41,159,17}
[###.] (1,2,3) (0) (1,2) (1) (1,3) (2,3) {10,206,201,214}
[...#] (1,2) (2,3) (1,2,3) (1,3) (0,3) (0,2,3) {17,31,37,32}
[#.###.] (1,2,3,4,5) (0,2,3,4) (0,1,3,5) (0,1,4,5) {39,35,20,31,36,35}
[##.##.....] (1,2,3,4,9) (0,7) (0,3,8,9) (0,2) (0,1,8) (1,2,9) (0,2,3,5,6,7,8) (0,1,3,4,6,7) (7) (0,2,3,4,5,6,7,8) (0,1,3,7,8,9) (0,1,2,3,4,5,8,9) (0,1,3,4,6,7,9) {79,44,43,71,37,21,28,61,55,60}
[####.#.] (1,2,3) (6) (2,3,6) (0,6) (0,1,3,4,5,6) (0,1,2,5,6) (2,4) (3,4) (1,2,3,5,6) {47,59,69,61,39,41,68}
[.##.....#] (0,1,2,3,5,6,7,8) (1,6,7,8) (5,7) (2,6,7) (1,2,3,4,5,6,8) (0,4,8) (1,3,5,6,7,8) {16,34,10,24,16,40,38,51,47}
[###.##.#..] (0,4,5,6,7,8,9) (3,9) (1,4,5,6,7,8) (0,4,6) (0,3,4,9) (0,1,2,3,4,6,7,8) (3,4,6,7,8) (0,2,9) (3,4,8) (0,2,3,4,5,7,8,9) (1,4,7) (0,2,3,5,6,8,9) {62,28,51,69,82,57,53,65,86,59}
[..#..#] (0,1) (0,1,3,4,5) (1,3,5) (0,1,2,4) (4) (2,5) (3,4,5) (1,2,5) {216,241,49,214,229,250}
[##.##...#.] (2,3,4,5) (0,1,3,5,6,7,8) (0,1,5) (1,2,5,7) (0,1,2,4) (0,1,2,3,4,5,6,7,8) (1,2,5,6,8,9) (1,2,3,4,5,7) (3,7) (0,1,3,4,7,8) (2,8,9) (0,1,4,7) (1,5,6) {82,120,74,61,77,81,55,74,61,24}
[##....#.##] (0,1,2,3,5,7,8,9) (0,2,4,5,7) (1,2,3,6,7,8,9) (0,2) (0,2,4,5,7,9) (5,6,9) (1,2,3,8) (2,3,6,9) (0,1,3,4,7,9) (0,1,3,4,5,6,7,9) (1,3,4,7,8,9) (2,5) {35,43,47,48,27,56,37,41,20,55}
[.##.] (1,2) (1,2,3) (0,3) {18,194,194,18}
[#####] (1,2,3) (0,1,2) (0,3) (0,1,3) (0,1,4) {60,56,27,43,14}
[.##..##.] (0,3) (1,3,4,5,6,7) (0,3,4,5,7) (0,1,3,4) (0,2,3,5,6,7) (1,5) (0,3,4,6,7) (0,1) {55,44,3,62,43,53,23,43}
[#.#.#] (1,3,4) (0,3,4) (2,3) {8,9,165,182,17}
[...##] (0,2,4) (0,1,2) (1,2,4) (0,1,2,3) (1,3) (0,2) (3) {46,65,65,46,35}
[..##.#.] (2,4,5,6) (0,4) (0,1,2,3) (0,1,2,3,4,5) (2,5,6) (3,4,5,6) (1,2,4,5,6) {31,31,149,35,50,151,134}
[###.] (1,2,3) (0,1,2) {14,17,17,3}
[#...#.#.#] (0,1,4,5,8) (0,6) (0,7) (0,2,3,6,8) (1,2,3,5,7,8) (0,4,5,8) (1,2,3,6) (0,1,2,3,7,8) {75,40,48,48,21,37,30,45,64}
[#.#.] (0,2) (1,3) {4,1,4,1}
[#..##.##.#] (2,4) (3,4,6,9) (0,2,4,6,8,9) (0,1,7,9) (0,1,2,9) (3,5) (0,1,4,8,9) (3,4,7,8) (1,2,5,6,7,8,9) {16,33,41,28,25,35,25,20,22,41}
[...#..##] (2,4,6) (2,3,4,5) (1,3,4) (0,1,7) (0,1,3,4,5) (0,2,3) (3) (0,1,2,3,5,6) (1,7) (0,1,4) {52,78,19,63,53,33,15,15}
[#...##.#] (0,1,2,5,7) (0,1,2,3,5,6) (0,1,2,3,4,5,7) (0,1,2,4,5,6,7) (1,2,6) (0,1,2,3,5,6,7) (0,3,5,7) {199,202,202,181,153,199,63,181}
[#.#.#...##] (1,2,4,5,6,8,9) (0,3,5,6,7,8) (3,4,5,6,7) (0,1,2,3,5,7,8,9) (2,3,4,8,9) (1,3,4,5,6,7,8,9) (0,2,3,4) (0,1,2,3,4,6,7) (1,3,4,5,6,7,9) (0,3,4,5,6,7,8,9) {39,51,43,107,106,90,100,87,74,76}
[...##] (0,1,3,4) (1,3) (3) (0,1) (1,4) (4) (1,2) {22,45,14,19,26}
[.#...#....] (3,5) (0,1,2,3,4,8,9) (0,3,4,6,8) (3,7,8) (0,2,3,4,5,6,9) (0,1,2) (0,2,5,9) (0,2) (0,1,2,3,4,6,7,8) (0,1,3,4,5,6,7,8) {74,40,52,61,44,33,32,22,47,31}
[.###.] (0,1,2,4) (1,3,4) (1,2,3) (0,2,3) (0,2,4) (1,3) {25,30,32,42,29}
[#.....] (0,3,4) (0,1,2) (4) (0,1,2,3) (0,1,2,4) (0,1,5) {54,42,29,14,28,13}
[.##.###] (4) (0,5,6) (1,4) (0,1,3,4,6) (0,2,6) (3,6) (0,6) (1,2,3,5) {190,194,18,183,181,24,198}
[..#.######] (0,3,7) (1,6) (7) (0,1,2,7,9) (1,2,4,5,8,9) (0,8) (0,3,4,5,8) (0,1,2,3,7,9) {51,46,30,28,24,24,16,43,34,30}
[.#.####] (1,2,4,5) (2,5,6) (0,2,3,5,6) (0,2,6) (0,4,5) (1,2) {20,21,50,0,4,16,29}
[..#...] (0,4) (2,3,4,5) (0,1,4,5) (1,2) (0,1,3,4,5) (0,5) {41,42,20,25,34,47}
[#####] (0,2) (0,1,2,4) (0,2,4) (0,2,3,4) {41,11,41,6,25}
[##.#..] (1,2,5) (2,5) (0,1,3) (0,2,4) {29,29,46,12,17,29}
[#.#.###.] (1,3,7) (2,3,4) (1,2,3,5,6,7) (1,2,3,5,7) (5) (0,1,2,4,5,7) (0,3,5,6) (0,3,4,6,7) (0,2,3,4,7) {42,66,87,84,49,63,27,85}
[##.#.#] (1,2,3) (3,4) (0,2,3,4,5) (3,5) (2) {18,6,40,39,30,21}
[####....##] (1,3,6) (0,2,4,5,8,9) (1,3,4,5,7,9) (0,5,6,8) (0,1,2,4,5,6,8,9) (0,1,9) (0,2,3,5,7,8,9) (1,2,3,4,5,7,8,9) {51,83,44,52,60,65,37,34,46,80}
[..#.] (1,3) (0,3) (1,2,3) {173,22,4,195}
[#.#..] (0,1,3) (0) (0,1,2) (3,4) (2,3,4) (1,2,3) {33,29,17,44,21}
[###..] (0,1,2) (1,2,3) (0,3) (0,4) (3,4) {150,10,10,23,139}
[###...#.] (1,2,3,5) (3,5,7) (0,1,2,3,4,6,7) (0,2,3,4,5) (1,2,3) (2,4,7) (1,2,5,6,7) (5,7) (0,2,3,5,6,7) (1,2,7) {29,60,92,60,34,44,34,76}
[###.#] (2,3,4) (1,3,4) (1,2,4) (0,1,2,4) {19,37,43,6,43}
[.###] (1,3) (0,3) (2) {14,123,14,137}
[..#....#.] (2,7) (4,5,6) (0,3) (3,5,7) (1,3,4,6,7,8) (1,4,7,8) (1,3,4,5,8) (2,3,4,8) (0,2,4,8) {30,22,45,67,61,41,27,51,47}
[.#.##.#] (0,1,2,6) (3,6) (2,6) (0,1,3,5) (1,2,4,5,6) (3,5,6) {32,49,52,40,17,43,80}
[####..] (3,5) (0,2,3,4) (2,4) (1,3,4,5) {7,4,20,14,24,7}
[####.##.#] (0,4,5) (0,1,2,3,5,6,7,8) (1,3,4,8) (2,4,5,7,8) (1,2,3,4,6,7) (3,4,6,7,8) (0,1,2,3,4,8) (1,2,4,5,6,7,8) (1,2,5,6,8) (0,2,4,5,6) (0,1,3,4,5,8) {56,88,61,68,91,79,64,45,87}
[.#....##] (2,7) (3) (1,4) (0,1,2,3,4,5,7) (1,6) (0,1,4,5,6,7) (0,1,3,4,5,7) (5,6) (0,2) (3,4,5,6) {154,57,145,34,41,43,41,47}
[#.#.#.] (1,2,3) (3,4,5) (0,4,5) (0,2,3,5) (0,1,2,4) {48,18,36,24,33,36}
[#...##..] (3,5) (0,1,4) (2,3,7) (1,3,4,5,6) (2,4,6) (0,1,2,4,5,6,7) (1,3,4,5) (0,3,4) (1,2,3,5,6) {30,37,28,83,47,45,14,18}
[##.##..] (2,4,6) (0,1,2,3,4) (6) (0,3,4,6) (4) (2) (1,2,5) (0,1,3,5) (2,6) {155,157,44,155,45,140,23}
[#.#...#.#] (2,4,5,6,7,8) (3,4,5,6) (2,3,4,5,6,7,8) (0,1,2,3,4,5) (0,5,6) (0,1,3,4,6,7,8) (0,3) (0,2,3,5,6,7,8) (0,2,4,6,8) {60,7,50,63,65,73,82,27,43}
[##.....##.] (0,1,3,4,7,8,9) (0,2,3) (0,1,2,4,5,6,7,9) (0,1,7,8) (4,6) (0,3,5,9) (1,2,4,6,7,8) (1,8,9) (1,2,3,4,6,8,9) (3,4,7) (2,3,5,7,8) (1,2,3,5,6,8) (0,2,7,8,9) {69,83,238,251,80,189,59,241,253,61}
[..#.##.###] (3,4,6,8) (0,1,2,3,5,7) (0,1,2,4,6,7,9) (4,6,9) (2,3,5,8) (2,7,8,9) (6,8) (1,4) (0,1,3,5,6,7,8) (2,3,4,5,6,9) (0,3,4,7,8,9) {28,31,65,44,28,42,40,46,50,41}
[#..#.#.#] (2,3,4,5,7) (0,1,2,3,5,6,7) (2,3,4) (3,6,7) (1,2,6,7) (4,6) (2,3) (0,1,3,4,6) {5,7,34,44,29,13,29,27}
[....##] (0,1,2,4) (0,1,3) (0,1,3,4,5) (0,1,2,3,5) (4,5) {62,62,36,44,44,44}
[#.#.] (0,3) (1,2,3) (2,3) {13,20,30,43}
[##...] (1,2) (1,2,4) (0,2,3) (1,2,3) (0,3,4) {13,16,18,18,21}
[####..#.#] (0,1,3,4,6,7,8) (0,7) (5,7) (1,2,4,8) (1,4,7,8) (1,2,6,7,8) (0,1,3,7) (3,5,6) (0,1,2,4,5,6,7,8) {39,54,17,32,45,45,37,78,46}
[...##] (0,1,2,3) (1) (0,1) (4) (3,4) (2,4) (2,3) {28,36,33,43,23}
[.##...#] (0,1,3) (1,2,3) (3,6) (0,2,3,4) (0,1,3,4,5) (0,1,5) (2,4) {57,42,28,53,40,35,13}
[.###] (0,2,3) (1,2,3) {5,4,9,9}
[.#######] (0,1,2,4,5,6,7) (0,1,4,6) (0,1,2,3,4,6,7) (2,5) (0,2,3,5,6,7) (1,4,5,6,7) {208,221,32,15,221,40,226,48}
[#.##...#] (4,5,7) (1,2,3,4,6) (0,3,6,7) (0,1,2,3) (1,3,5) (0,1,2,6,7) (1,4,5) {35,140,25,127,24,119,37,35}
[..#.##] (0,1,3,4,5) (5) (0,1,5) (0,1,3,5) (2,3,4,5) (1) (4,5) (0,3) {151,140,13,157,142,164}
[#.....] (0,2,4,5) (1,4,5) (2,3,5) (2) (0,4) (1) (0,2,5) (5) {24,27,23,1,39,37}
[..#.###] (2,5) (0,2,6) (0,2,3,4,5,6) (0,3) (2,3,4,5,6) (1,2,4,5,6) (2,4,5) (0,1,5,6) (1,2,3,4) {213,28,54,188,26,39,43}
[#.##.] (0,1,3,4) (1,2,4) (1,2,3) {13,38,25,29,22}
[....#.#] (0,1,3,5,6) (1,2,3) (1,5,6) (3) (0,2,3,4,6) (2,4) (1,4,5) (0,1,2,4,5,6) {16,70,34,48,35,51,33}
[..#.###] (0,1,4) (0,2) (0,3) (3,5,6) (1,6) (5,6) (0,3,6) (0,5,6) {38,24,12,11,20,18,26}
[#.###..] (0,1,4,5,6) (0,1,2,4) (1,2,6) (1,3,4) (2,4,5,6) {10,22,32,5,32,19,26}
[....####] (0,5,7) (0,2,3,4,6,7) (1,6,7) (0,2,3) (1,4,6) (0,1,6) {39,23,19,19,23,12,31,20}
[#.###.#] (0,3) (1,3,4,5,6) (0,2,3,5,6) (1,6) (0,3,4,5) {145,15,141,148,5,146,156}
[#.##] (0,3) (1,2,3) (2) (0,2,3) (2,3) {20,9,46,35}
[####..#..] (1,5,6,7) (0,3,4,5,6,7,8) (0,1,4,5,6) (3,4,6,7) (0,1,3) (2,3,7,8) (0,2,3,4,5,6,7,8) (2,5,7) {152,33,50,170,149,166,159,184,149}
[###.#..#..] (0,4,5,6,7,8,9) (0,1,2,4,5,7,8,9) (1,7,9) (0,1,2,6,9) (2,3,8,9) (1,5,6) (1,6,8,9) (0,1,3,5,6,7,8,9) (0,1,2,3,4,6,7,8) (1,3,5,6,7,8) {41,80,16,33,13,49,72,56,55,69}
[###.##] (1,2,4,5) (4) (0,2,3,5) (2,3) (1,2,4) (0,4,5) {35,22,50,28,206,50}
[...##...#] (1,2,3,4,6,7,8) (1,3,4,7,8) (0,2,3,4,5,8) (0,2,3,4,5,6,8) (0,1,3,4,5) (7,8) (0,1,2,3,4,5,6) (1,3,4,5,6,7,8) {10,24,13,27,27,17,18,36,39}
[.#.####] (0,3,4,5,6) (1,4) (1,2,3,6) (0,1,4,5,6) (1,2,3,4,5,6) (0,3) (0,1,2,3,5,6) {40,45,37,57,15,27,44}
[####.#####] (0,2,5,6,7,9) (2,3,5,7,8) (0,1,8,9) (0,2,4,8) (0,1,2,4,5,7) (6) (2,4,5,6,7) (1,3,6,8) (0,1,2,3,4,5,6,8,9) (3,7) (0,2,3,5,6,7,8,9) (4,7,8,9) {50,59,52,60,44,52,65,50,52,34}
[##....#] (0,3,5) (0,5,6) (3,4) (0,2,4,5) (1,3,5,6) {28,13,4,50,23,41,19}
[###.#.] (0,2,3,5) (0,1,2,4) (2,3,4) (2,5) (0,4,5) (1) (0,2) {38,5,53,33,36,40}
[...#] (0,1,2) (3) (0,1,3) (1,2) {21,41,36,25}
[##.#.#.##.] (2,7) (0,1,2,3,4,6,7,8) (3,5,6,7,9) (0,4,9) (1,3,4,5) (2,8) (1,2,3,4,6,8,9) (0,1,3,4,5,6,7,8) (2,4,5,8,9) {21,34,56,39,58,40,27,27,54,37}
[#.#.] (0,2) (1,2) (0,3) (2,3) {28,19,53,22}
[###..####] (0,3,5,6,7,8) (0,1,2,3,4,6) (1,8) (0,2,3,6,8) (0,2,3,4,7,8) (4,7,8) (0,1,2,4,6,7,8) (5,6) (2,3,4,5,6,7,8) (0,1,2,3,7,8) {87,56,75,74,51,37,75,79,101}
[###.##.###] (1,2,3,4,5,6,7) (0,3,5,7,9) (0,1,2,5,6,7,8,9) (1,2,3,4,5,6,7,9) (1,6) (0,3) (0,2,3,5,6,7,9) (1,3,8) (0,1,2,5,6,7,8) (2,3,4,6,8) {33,68,67,62,37,52,81,52,47,29}
[.##..] (1) (0,2,4) (0,2,3) (2,3) (0,4) (1,2,4) {18,26,31,22,9}
[#...#.##] (0,4,5,7) (0,1,3,6) (1,7) (0,1,2,5,7) (1,2,4,5) (1,6) (4) (2,3,4,5,7) (0,1,4,5,6,7) {40,64,29,23,33,37,35,47}
[#.#..##] (0,1,2,3,4,6) (2,4,6) (0,1,5,6) (0,1,4,6) (0,2,3) {235,43,219,207,44,11,55}
[#.#..] (1,3,4) (0,3) (2,3) {9,0,6,15,0}
[.######.] (0,1,2,5,6,7) (0,1,3,7) (3,4,6,7) (1,6,7) (0,4,5,7) (1,2,4,6) (0,5,6,7) (0,2,4) (0,1,5,7) {67,225,192,33,211,36,210,79}
[####...] (0,1,2) (1,2,3,5) (0,2,3,4) (5,6) (0,1,4,6) (2,3,4,5) (0,1,3,4,6) {70,66,58,55,58,36,48}
[##.#...#.] (1,2,6,7,8) (0,5) (0,2,8) (0,1,4) (2,8) (0,1,3,4,5,7) (0,1,2,3,4,6,7,8) (0,2,5,8) (0,2,3,6,7,8) (6,7) {56,24,36,23,19,20,30,35,36}
[##..] (1,2) (0,1) (2) (3) (0,3) (1,3) {26,44,24,17}
[#...#####.] (0,5,6) (1,2,3,4,5,6,8,9) (0,1,2,3,5,6,8,9) (1,3,4,6,7,8) (4) (1,2,3,4,7,9) (0,1,4,5,7,9) (0,1,2,3,4,5,6,7,9) {201,55,49,50,53,221,217,31,25,54}
[..#####.##] (3,4,8) (3,4,5,6,7,9) (6,8) (1,4,5,6,7,8) (0,1,4,7,9) (0,1,2,3,6,7) (3,4,7,9) (0,1,3,4,6,8,9) (0,2,3,5,7,8,9) (4,6,9) (1,5,6) (8) (2,5) {55,63,31,72,86,30,88,70,81,67}
[.#.###.] (1,4,5,6) (0,3) (1,4,5) (0,1,2,4,6) (0,2,4,6) (1,3,4,5,6) {39,15,23,16,33,10,23}
[###.#..##] (0,3,4,5,6,7,8) (0,2,3,7) (0,1,2,4,6,8) (1,8) (4,6,7) (3,4) (0,1,2,4,7) {234,212,220,36,252,14,226,54,212}
[####.#...] (4,5) (0,5,7) (1,3) (0,3,4,6,7) (2,3,4,6,8) (3,6,7,8) (0,1,2,4,6,7,8) (0,1,2,5,6) (1,7,8) {224,25,23,215,221,42,218,219,18}
[##.##...#.] (1,4,8) (0,2,4,5,6,7,8,9) (0,2,6,8,9) (0,1,2,4,5,7,8) (3,5) (2,3,5) (2,4,6) (2,3,6,8,9) (0,1,3,5,6,7,8) {31,19,59,42,22,42,39,19,49,30}
[.#.##] (0,2,3) (1,3,4) (0,1,2,3) {20,13,20,25,5}
[#..##..#] (1,3,4,5,6,7) (6) (0,1,2,3,4,6,7) (2,4,6) (0,3,4,7) (3,5,7) (3,4,5,7) {27,9,11,45,35,18,28,45}
[.#.#.#..] (1,7) (1,3,5) (0,2,6) (0,4) (0,1,2,4,7) (1,3,4,6,7) {20,49,14,29,28,20,10,29}
[.#.#....#.] (1,2,8,9) (2,4,5,6,7,9) (0,1,2,4,5,7,8,9) (5,7,9) (0,6,9) (0,3) (1,4,6,8) (0,1,2,3,5,6,8,9) (0,5) (2,5,9) (0,2,8,9) (0,2,5,9) (1,3,4,5,6) {245,48,71,22,29,63,212,22,59,274}
[.#.#.#.#] (0,1,4,5,7) (0,2,5,6,7) (0,1,2,3,5,6) (0,1,2,4,6,7) (1,2,3,4,5,6) (0,2,4) (0,6,7) (1,2,3) {46,50,34,24,34,32,32,43}
[.#..#.##.#] (0,1,3,6,7,8) (4,5,6,7,8) (1,4,5,6,7,8,9) (1,2,3,6,9) (2,5) (0,2,4,5,7,8,9) (1,9) (4,6,7) {31,41,41,34,38,28,58,55,35,38}
[.#..#....] (1,2,6,7,8) (0,4,6,7) (1,3,4,6,7,8) (1,2,4,5,6,7,8) (5,6,7) (0,4,6,7,8) (0,3,5) (0,1,5,6,7,8) (0,1,3,4,5,8) (3,8) {40,51,18,48,61,63,69,69,57}
[#.###.####] (0,3,4,7,9) (0,1,3,4,5,8,9) (2,3,4,6,8,9) (0,1,3,4,7,8,9) (0,1,2,3,6,9) (1,8,9) (0,1,2,3,4,5,6,7,8) (0,4,5,6,8) (2,3,4,6,7) (3,5) (0,1,2,3,4,6,7,8,9) {68,58,150,194,197,46,167,52,190,173}
[..#..##.#] (0,1,3,4,7,8) (1,4,8) (2,4,5) (1,4) (0,2,3,4,5,7,8) (1,3,5,7) (1,2,3,6,7,8) {7,64,24,31,52,24,12,31,38}
[#.##.#] (0,1,2,4) (0,1,2,3,5) (1,2,3) (0,2,4) {11,16,25,14,11,0}
[#####] (0,3) (0,2) (1,3,4) {131,14,1,144,14}
[#.#..#...#] (0,5,7) (3,7) (0,2,6,7,8) (0,1,2,3,4,5,6,9) (1,2,5,6,8,9) (0,1,2,3,4,5,7,8) (2,5,8) (1,2,5,7,8) (0,6,7) (1,4,6,9) (0,3,4,6,7,9) {97,61,83,46,50,85,89,89,67,53}
[.#...#..] (1,2,6,7) (1,4,7) (0,6,7) (1,3,5) (2,4,6) (0,2,7) (2,3,6) {115,31,33,8,34,3,144,143}
[.#..] (0,1,2) (1,2,3) (2,3) (0,1,3) {5,7,18,19}
[##.#..#] (1,2,3,4,5,6) (0,1,5) (3,5,6) (0,2,3,4,6) (1,3,4,5) (0,3,4,5) (1,3,6) (2,4,6) (0,3,5,6) {33,57,39,62,52,61,66}
[###..###.] (1,2,5,8) (0,2,3,4,5,6,8) (0,2,3,4,6,7,8) (0,2,3,5,7) (0,1,2,5,6,7) (1,2,3,5,7) (0,1,3,7) {77,43,93,66,39,74,58,65,51}
[...#..] (0,1,4,5) (0) (3,4) (1,3,4,5) (2,3,4) (0,3,4,5) (0,1,2,5) {40,31,28,55,59,47}
[####] (0,2,3) (0,1,2,3) {11,3,11,11}
[.####..##] (1,2,4,6,7,8) (0,1,2,4,5,6) (0,1,2,3,4,7) (1,4,5,8) (0,1,2,4,5,6,7) (0,1,2,4,5,7,8) (0,2,4,5,7) (0,1,3,6,7) (5) (1,6,7) {59,79,50,26,51,174,47,70,19}
[#.##.] (1,2,4) (0,2,4) (1,2,3) (0,4) (0,3,4) {33,8,24,19,38}
[#.###.] (0,2,3,4) (0,1,4,5) (0,1,3,4) (1,2,3) (2,3) (0,2,3,4,5) (3,4) {41,29,40,75,60,7}
[..#.#.] (0,1,4,5) (0,2,5) (0,2,3,4) (0,3) (1) (0,1,2,4) {75,49,52,24,48,32}
[#..#] (0,1) (1,2) (0,3) (0,1,2) (2) {21,25,31,9}
[##...#...] (1,6) (0,5,6,7,8) (0,3,4,5) (3,4,5,8) (1,7,8) (1,2,3,4,6,7,8) (2,4) (0,1,2,3,6,8) (0,1,4,5,6,7) (4,5,6,7,8) (4,6) {148,77,41,70,88,150,183,149,170}
[..#.] (0,2) (3) (1) (0,1) {211,202,13,2}
[##..] (1,2) (0) (0,1,3) (0,1,2) (1) (3) {225,237,29,202}
[#..#.#..#.] (0,1,3,4,6,7) (1,2,6,7,8,9) (0,1,4,6,7) (1,2,4,8,9) (0,2,4,5,6,7,8,9) (2,4,7,8) (0,3,6,7,9) (0,2,3,4,5,6,7,8) (0,2,4,5,8,9) (6,7) (0,1,2,3,4,5,7,9) (5,6,9) {46,48,81,27,78,37,86,96,81,65}
[##.#..] (0,3,4,5) (0,1) (2) (2,3,5) (0,1,2,5) (0,1,2,4,5) (1) {30,224,20,9,6,21}
[..#.] (0,3) (0,2) (3) (0) (1,2) {5,17,19,20}
[#####..] (2,3) (0,3,4,5,6) (0,1,2,3,4) (1,5,6) (1,3,4) (0,1,4,5) (0,1,3) (1,2,3) {210,220,32,249,28,16,13}
[#####.#.] (1,3,4,5,6,7) (0,1,3,4,6,7) (4,5) (0,1,2,3,6,7) (1,2) (0,3,5,6) {15,35,18,27,25,28,27,19}
[####.##.] (0,2,3,4,5,7) (0,5) (0,1,2,3,4,6) (0,1,3,4,5,6) (3,6) (2,3,4,5) (1,5) (0,4,6,7) {43,25,18,31,42,39,35,33}
[####.] (0,1,4) (0,2) (3,4) (0,1,2,4) {29,17,26,6,23}
[..#.#.##] (0,3,4,6,7) (0,1,4,5,6,7) (0,1,2,3,4,6) (0,1,2,3,5,7) (0,1,5,6,7) (0,3,4,5,6,7) (0) (1,2,4) (0,2,3,4,5,6) (0,1,3,4,5,7) {256,224,42,58,230,230,222,231}
[#.....] (0,5) (1,2,4,5) (1,2) (0,2,4,5) (3,4) (2,3,4,5) (0,1,3,4,5) (1,2,3,4) {16,30,32,31,39,27}
[#.#..] (0,4) (0,1,2,4) (0,2) (1,3) {15,14,13,4,12}
[.#..##] (1,5) (1,2) (1,3,4) (1,4,5) (0,3) (0,1,3,5) (2) {19,59,32,25,20,38}
[.###.####] (2,7) (0,1,2,4,6,8) (1,4,5,6) (3,7,8) (1,7) (0,1,2,4,5,6) (4,6,7,8) (0,4) (0,1,3,5,6,7,8) (0,1,3,4,5,6,7) (0,1,2,4,5,6,8) {163,173,40,130,88,148,178,160,158}
[.##.....#] (5,6,7) (0,2,3,4,5,6,8) (2,5) (1,2) (0,1,2,3,4,6,8) (0,5,8) (0,1,3,4,5) (0,3,4,5,6,7,8) {45,18,43,36,36,56,36,20,44}
[####...###] (2,7,8) (0,1,2,3,5,8) (0,2,3,5,7,8) (0,1,2,3,5,6,8) (1,2,3,5,7,8) (2,4,7) (0,2,4,5,7,8) (0,2,3) (0,1,2,4,6,7,8) (1,2,3,6,7) (2,4,9) {40,199,257,197,48,33,178,226,57,14}
[###..] (0,3,4) (3,4) (0,2,3,4) (1,2) (0,1,2,3) (0,1,2) (0) {197,54,186,174,154}
[..#..] (0,2) (0,3) (3,4) (0,1,3,4) (0,1,2) (1,2,4) {63,35,32,49,36}