5698271399793414121494916897678273334792458352199237144928619653191794144917556817941885991921787155
5661218626919981949139858312691785612259857529334128895157352159114297128511813456894839991981828919
1829946539172173769987529428979213588624889988719998181167931129997731961946189278688942251875931179
1999119539431115938818955166792951461581819916221516821681692884358864981966117818421936138119178448
8248487982679211958329811353187936515794549929583184191911666793879132359192179796818752613119298188
7391613611139499971186919159397755657961352334771192112294557688911149919935819422199281134255797767
8124729396114568961156298172414395681961627813193215526122172712983935817479529728239799416288287177
9649211889945273498525484578866135611815817899936588391937238711562851327977738262898917714539618992
1141741151396594515311116985514997126571483473844951949329748922961996548324126664446185813879832188
6514441248746823748338931782958583948711212951974131921212693782738511196996128897191782852921157717
9391886829151987712527174199971418888695457266233516772351113144394198243117872737133772919969819519
1198331423874598397283651925996811591794589456846981969193281925566799829729889189889897828398875973
3993119331859999411778999198997168314599391886293921999193929916292896686191667979558511312556596894
4885648184914319438678987185948358172121994124174189148399374584265796556987819754991475787318732495
7161834654516953633561499967999394938799899319729924222599794975138255185728879581989683917238688499
5984849949933778929823916964338381451782979977879923213397398539961494556984787412996655398495998949
5715125898984926281417488864215481241818325728147899985999237792243119997919523716364219919384984139
9859999616929285298541192766179418656994667513839176241589982149119397731438826191347741844116719249
8175137179841286592241832831664588945248987741981849615626887738291971771877815459199919596297762924
1195455998712612867139126669399111711242319181378472389957511612195887919281465911167399661193991259
6683294289715197916912936717981879539595921479689377149531198421412217683129512395995551899999253636
4384549778929184387719457231348656645896889888925317219969479184937844937194733193727596993257773958
3276812228776279165124713927385779131439398642869891821824228691957821333121694837396724995969152871
9919942131189697791118151719399685129324814276422561998279371918941781591744772893513849374159719689
9381491523919433281119518148692169889399181847183427693123932741321897894329241437714386791132191185
9491214195479284697132149999835916255594317799411165638929858419125934487114527249742829613155512959
6311661999995998283745198816594176551398793726177951929118916489667398222393341857119652996537191216
6982112288787347411291733589694945315895949612819676734199121729449261277878511178985354939268994351
3674562711198699238983994755221985299338191681822892997159181992896128148896975971957144448941814152
9899194386288999913747123919122811877922937176682999664964885597922734185747279621687621731836928862
2116816742597199191219978826825994722615889928911124939448369538185829869273435191136937156632583851